cam0=[711.499 0 376.135; 0 711.499 227.447; 0 0 1]
cam1=[711.499 0 376.135; 0 711.499 227.447; 0 0 1]
doffs=0
baseline=59.9432
width=713
height=434
ndisp=713
